100 100
 4 21 15 18  8 26 30  6 16 21 22  7 26 21 26 27  3 27  2 14  0 15 19 16 24 10  4  4  7 21 24  1 28 29 23  0 30 14  1 22 23 20 11 12  2 29 15 28 21  1  4  2  3  5 27 27  9 23 15 25 25  4  7  2 25 19 10 12 23  4 18 11  0 19  7 10 19 15  0 12 16 29 12 15 23 30 12  8 15  8 23 18  6 10 20 15 10 15 11  6
11  8 20 22 24 21 16 28 17 22 12 21  7 12 25 10 28  4  6 17  5 17  5 15 24  8 29 29  3 12 15 23 24 22 28  4 10 23 12 13 18 24  1 30 27 15 30  1  9  1  5  4 28  5 18 26  4 24  6 27 20 13 25  9  2 23 25 20  8 23 28 11 19 14 30  8 21  8 24 24 18 19 21  8 22 15 10 15 29 13 20 19 14  2 11 16  0 11  9 22
22 29  7 27 15 22 24  3 20 30  5 16  4  6  7 18 21 29 25  4 29 24 25 11 24 12  3  9 20  2 10 25 24 29 19  3 21  9  4  5 30 19  6 18 25  8 21 14  6 26 20 11  9  9 21  6  0  9 26 10  0 25 19 12  4 23  9  3  4  7 16 18 18 25  6 19 13 19  1  8  2  2 19 25  7  2 22 13  5  8  6 24 19 22 15 26 16 14 18  4
14 17 12 24  5 21 10 12 10  1 15 23 24  6  0 16 20 24 15  8  5 19 29 11 27 18 29  8  8 18  3 18  5  6 12 24  1 15  3 21 19 30 27  5 17 17  8 28 15  8 25  7  0 26 30 12  9  1 14  0  6  8  2  4  0 10 13 21 11 23 17 20 25 18  9  5 29 28  0 11  8 15 22 10  1  2 18 10  1 26 15  7 15  7 11 15  5  5 27  3
10 25  0 10  1 12  5 17  0 21 21 12 13 24 21  9  0 23  9 28 23 17  6  2 14  6  8 18  6  7 18 20  6 15 23  6  1 28  3  0  2 26 21  6 24 24  6 15  6  4 23 11  6 26  0 25 27 22 11  7  5 27 17 25 24  9 24 10 13 27 13  5  3  3 24 17 27  2 16 23 30 13  3  5 10  6 25 10 30 19 24  6  1  3 12  8 25 17 14 30
 4  3 14  9  9  5 22 23 26 17 10 15 10 22  2 26 29  2  1  6  9  7 11 19 22 26 13  0  0  4 12 14 25 11  4  1 13  9  7 10 18 30 14  1 27 17  9  5 30  4 17  1  6 12 12 27 12 18 30 29  5  1 23 19  0 17 10 29 12 28  5 24 10  5  7 26 30  3  5 21  6  8 12 30 14 29 19  1 30 26 16 10 19  7  5 26 22 10  6  6
16 19  4 11 28 14 19  9 22 30  3 24 27 17  8 20  3 13  3 18 14 20  4  4  9 16 30  8 28  4 29 15 12 28 18 12 30  5  0 14 17 19  9 22  9 12  4  0  9  0 27 18  7 19 17 18  7 14  8 15 22 24 17  5 16 17 16 22  9 11 16  9  8 18  1 10  6 28  5 16 23 17 20  9 21 13 17 21 24 14  5 10 14 21  6  6 19 22 16  5
 4  1 24 20 20 23 30  9 23 30  1 22 25 24 10 18  5 25 26  6  0 23  7 10 16  3 15 25 20 18  5 24  3 16 16 13 14  5 20  3 17 13 16  0 24 17 25 30 27 15 13  9  6 12  5  1  6 22 14 26 23  7 13 20 30  4 24 10 10  2 19 15 13 10  6 18 20 24 24  3 17 26 29  9  2 23 27 25  8  6 18  2  5  0 23 16 25 19  3  6
28  9 14  1 23  2  2 27 23 14 14 17 20 27 18  5 15 23 13 26  1 18 24 22 18 20 19 11 22 13  6 14 26 17 25 10 10  9 19 15 27 28  9 24 22  9 23  8  3  1 22 29  6  8  0 24 28 12 17 21  5  0  2 27 20 28 17 19  8 12  9 25  3  6 25  2 20 20 11 14 17 24  2  4 28 25  0  0 15 15 11 21 17 27  1 22  7 16  1  6
20 26 11 25 10  9 21 20  1 29  6 16 29  7 27  3 19  1  5 28 28 15 23 17 11 23  3 13  4 17  6 25  7 16 14 16 16  3 24 13  7 11  1 25  2 11 28 27 27 20 24  5 25 22 12 29 10  0  9 15 26  8  0 19 25 10 27  2 26 20 19 29  2  9 27 22  7 23 27 17 23 17 16 29 30  7  9 23  9  8 23  6 10 14 28 23 21 29 11 12
16 12 15  9  5 17 27 22 29 10  0 23 28 27 23 13  7 25  9  8 20 16 29 22 24 21  1 17  6  9 15  7  7 30 27  4  3  9 18 22 27  7 28  1  0 25 25 20 10 19 21 28 17 21 17 30 22  1 18 15 13 11 28 16 17 13 27 15  6  9 12 29 17 17 30  0 16 26 28 25 14  3 24  3  6  2 20 18 11 26 16 30 24 16  6 17 17 19  5 15
30 24  6  9 26 12 10  0 15  2  3 29 14 26 29 15  0  3  4 10  2 24 16 12 12 18 10 30  2 15  6 11 24 23 14 24  5 16 17 20 27 27  2  6  9 13 26 27  0  1 30 17 25  4  0 10  7  6 14  8  2 29 27 12  5 13 20 17 16 28  3 12 19 21 28  1 27 21 30 16 23 13 27  2 28 30  9  3 14 30 23  9  8 17 27 13 23 23  1  4
13 11 24  1 24  2 18  3 19 14 20 23  6 18 16  9 30  7 16 29 26 17 28  1 30  9 15 25  2  8  6 28 22 19  8  5 14 10 23 25  3 24 28  8 27  5  7 22 11 25  7 23 19  9 19 26 17 19  9 23 25  6  5 15  7  6 30 16 11 10 17 29 23 25  8  8 12 30 11  6 16 20 19 21 11  0 12  5  0 29 11 24  6  3 27 24  9 18  2 23
 8 14 24 10 27  5 26  3  9  6  2  1 29 16 20  7 27 27 26  6 13  5  2 14 25 24  7 30 19 16 20 30 17 14  2 19  7 22 18 27 15 17  1  0 14 29 17 15  3 29  4 16 25 26 14 13 23 22 17 20  2  4  5 25 21  0 20  5 28 14 26 18 30 27 30  4 23  7  8 19 28  7  8 26 17 29  9  3 27 29 25 25 18 25  9 26 30  1  7  2
25  0  2 26 21 14  6 30  7  8 20 18 16  6 25 14 10 16 17 12 13 16  5 11  4  7  5 16 23 22 18 19 22  8  2 10 24 19 16 14 17 12 23 16 21  2 23 18 28 13 16 11 29 26 16  7  6 27 22 14  7  8 28 21 28 25 15  8 26  8 20 13  5  5 16 19  0 22 19  8 23 16 13 28 24  1 18 14 22  7 19  3 23 24 15 22  3  2 25 18
 1  0  0 27 22 24  8 15 26 27 27  6 14 16  7  2  8 15 22 14 29  2 27 17  2  0  6 24 10 25 21 13 19  4  5 21 16 13 12  9 15  8 28 12 29  7 23  9 11 10 20 12 23 15  7  2 27 18 18 12  1 13 29 17  3 25 16  9  8 10 22 11 27 11 19 14 12 13  7 22  7  0 19 23 12 19  9 20 13  3  1 19  6 16 20 19 11 21 29 29
 5 26 20 20  5 21 16  7 27  3 18  9 18 24 18 22 17  0  1 25 24 24 26 27 14 27 13 22  8 26  0 23  6 22  9 23 13  1 30 12 30  7 23  7 24 28 13 26  2 14 29  8 26  1 10  2 29  8 30  0 10  0 20 21  5 28 30  1 13 29 24 28 23  1 30 13  4 11 29  8 11  6 21 23  3  5 12  5  8 23 12  7 20  5 22 23 23  4 23 29
21 11  1  3  1 26 15  8  4 20 25 11 18 12  0 12  7 18 19  8 29 29 30 13 20 30 18 10 23 20 25 24 22  6 10 22 28 12 16 21 17 17 16  0  2 15 26 24  9  7 11 14  2  0  3 15  4 17 19  5  8 18 17 15  9 14  7 18  7 16 17 20  9  3  3  8 17 12 20 25 10  6 24  0 21 25 17  2  2 17 22 26 10  4 21 12 19 26 12 25
 2 28 16 24 13 27 25  2 23  1 13 26 19 24  5 22 23 22 20 28 28 25  4 24  4 13 21 10  4 22 13 12 27  3  5 26 24 26 12  9 13  3 20 17 19 19  6  7 13  7 10 15 11 25  3 28 21  0 22 27 25 16 21 29 28 20  5  4 24 14 16 21 13 27 14  5  1 15 14 24 20  0 20 10 18  0 14 25 17  0  4 29 15 28 23 25 11 29 30 18
 0  0 14  5 21  4  6 25 30 19 29 11 11 25 22  6 18  2  1 24 12  2 29  0  6 25 22 23  9  2 27  2 22 26  2  4  6 12 30  6  7 15 27  7  0 18 13 16 19 28 28 23  3 17 16  7 11 24  2 29 16 11  5  1 17 22 14 15  6  9 26 13 14 11  8 23 28  7 11 16 27 27  6 26  8 25 23  8  1 23  2 19 10 14 21 13  2  6 27 20
22  9 20  1  7 10 12 21 19  9 16 13  6 13 25 17 21 22 12 13 26 23  3 24 24 22 29 15  0 11  0 12  9 12  4 26 20  1  6  9 26 22  2 15 11 25  7 24 18 15 24 19 19 23  9 17 14 14 20 28 22  2 29 28 16  8 28  3  1  4 28 17 24 21 22 22 10 28 20  5 16 26 20 25 24  0 18  1 28  4  7 24  2 24 24 11 19 19 16 26
16 16 30  9  7 26 15  0  9  7 17 25 27 25 22  9 20  7  2 30  6 26  3 13  9  6 18  5 25 19 16 27 16 17 25 15  6 18 22 23 28 17  3  3 16 29 28 12 22 17  6  9 15 20 24 13 15  5 28  4 26  3 21  1 16  4  7 22  4 24 29  8  2  0 13 14 15 22 20 21  4  6 14 29  9 22 16 19 25 28 19 16 28 13 14 19 27 25  4 11
 5 12 26  5 17 14 23 10  7 16  3 16  1 27 12 13 14 21 12 19  2 17 28 23 20 12 15  9 17 15 20 13  8 13 19 18  4 17  2 25 26 24 29 13 13 29 26 21 10 21  3 21  2 16 10 24 12 25 30 10  1  4 22 19 26 23  6 29 27 26 14  4  2 12 17 20 25 16  2 29 29 29 17 13  6  5 28 25  8 30  3 26  7  2 28 28 28 20  4 16
13 25  3 21 11 15 23  9 29 15 21 15 23  0 25 12  0 26 29 23 21 13 14 12 23 26  8 15  6 15 11  9 23 19 11 11 18  4 21 10 28 15 11  5  8 30 21 25  7 13 15  6  0 25 27 23  9  9 22  4 22  6  3 21  2  6  2 28 25 11 11 18 24  6 13  1 22 20 11 30 23 12 15 26 15 15  3  8 14 26 24 23 27 23 19 24 28 19 15 20
23 13  2  4 25 17  0 20 18 20 19  2  2  6 19 25  5  8  4 18 26 15 18 19 12 26 25  2 20 17 27  9 15 26 13 14 13  2 28 29 28 12  1 30 15  1 20 12 30 10 21 25 22  4 14 28  4  8 14 13  1  6 12  9  3 15  5  8  8 25 22 20 28  7 20 19 26 15  2 15 14 14 22 18 15 20 19 28 26 26 16 18  3 29 26 30 19 18  9 27
 5  5 10  5 23 11 27 17  9 13 18 16 19 27 29 27 22  6 12  2 13 23  4 26 29 20 16  6 26 20  7 28 10  4  7 26  6  4  9 16 25 30  9 27 15 25  6 18  6 21 29 26  6  9  7 15 22 25  5 19 22  1 15 18  6  2 11  2 20 10 21 17  1 12 17 13 27 28 29 30 28 27 19  8 18 30 30 26  9  7  5 25 28 12  2  6 14 20 24  9
13 10 19 25  6 18  8  6 12  7  6 10 10  6 21 21  9  3 27 20  3 29 26 23  6 10 15 27 12  4 27 20 28 21  1  0  8 14  0 17  7  8 14 17 13 26 14 25  2  4 10 17 15 24 29 19  3 18  2 11 29 20  5  0 10 28 18 15 25 18  5  4 25  9  0 25 25 23  8 29  7  2 27 22 23 18  8  4 16 24  6 18 26 25 27  1  2 11  9 21
20 13 28 23 16 18  5  5 21 15 10 24 27 15 14  2  8  7  9 22 24 22 28 24 28 30  7 29 21  3  9 19 30  3  5  2 26 20 13 25  6  3 19 27  7 19 18 27 25 28  6  8  2 27 10 10 22 13  1 29 24 25 24 16 22 22 19 26  2 23 22  2  7 17  1  5 15 23 22 28  4 27 30 23 15 14 12  7  5 25 20  9 28 22  1  5 15 18 20 14
 0 10 17 24 30 11 20  8 21 27  6 28 29  3 25 19 13 25  0 12  5  6  2 27 10  4 18 25 26 15  9 12  2  6 24 28  2 22  2 27  7 30  4 29 23 18 22  7  6 12  6  8  5 11 30 24 22 17 27 28 18  2 27 18  4 26  3  6 18 28 21 30 29  1 16  7 19 17 13 25  6 14 20 17 18  2 17 25 22 14  8 24  7  3  0 15 16 25 23 19
20 30 14 27 27 15 13 28  8 30 19 23 10 10 15 15  8 28  2  5  3 28 30 16  9 17 19 17 29  5  0 25  9 19 22 21 21 20 14 27 19 16 20 13 24  3 26 17 19 19 14 20  6  3  7 17  7  4 28 13 24 13 28 28 29 24 21  1 11  7  2 24  0  1  0 28  0  1 10 12 10  2 15 16 23 10 29 28  0 21 12 29 22 30 22  7 29  7 16  3
 4  7  2  2 23 28  4 16 25  9 28 28 10  4 21 26 30 15  1 28 23 23 30 21 22  5 30 24 19 26 27  5  9  7  1 28 17  6  4 10  0 23 24  4 10 16 30  9 24 27  3  4 15 17 10 16 30 29 17  2  2  4 17 18 30  1 24 15 23 10 25 26  3 16 30 18  0 23 27 14 13 30 29 26  6 24 27 23 23 17 21  2 16 21 26  6  3 17 22  2
11 26 17 11  7 30 19 24 20 30  4 10 16 28 15 17 26 27  9  7  5  0 27  7 28 19  0 28  6 24  9 30 12  4 21 27 21 22  8 25 13  8 21  5 28 15 23 11 24 12 13  6 23 17 20  6  9 14 22 23 14  7 17 14  4 15 10 29 18 29 13 10 19 14 24 22 14  3 11  0 22  8  7  1  2 30 15  4 30 23  7 29 14 10  8 29 17  6 20 25
17 30 21 27 30 12 24 20 13  2 10  3 14  0 28 24  2  8 30 10 17  8 12 29  5 25  1 21 28 20  4  6 28 19  6 10  0 28 12 30 11 26 20 20 24 24 25  0  9 21 20 17 16  4 21 26  5 17  4 27 24 16  0  6 20 12 17 27  4 10  9 24 28  9  9 26 16 16 16 18  0 29  0 28  0 29  9  0 21 19 25 27 19 29 20 23 23 24  3 25
12  3 24 29  5  2  4 30  2 19 19 19  2  8  9  0 17 20 14  8 25 18 15 20  7 12  4 27 25 14  5 23 24  8  5 19  6 28 24  6 23 23 24 28  0 12 22 25  4  7  7 14  4 13 27 10  3  4 11 13 12 13 26 29  4 25 27 16 18 18  9  1  7 10 13 30 16 30 11 13 12 14  0  2 21 12 19 27 10 19 23 11 26  4 30 13 14 10 17 10
30  7 11  4 15 22 12  0 24 10 20 12 30  1  0 15  4 27 17  1 18 19 11  2 18 22  4 18 20 25 16  3 28  8  8  2 10 19 20  2 28 22  9 12  5 25 18  2 13 15  2  2 11  7 16 20 28  1 29 27 24 29  3 21  8 15  3  4 11 18  0 27 27  5  3 19  6 23 12  1 30  1 10 22 24 13 23 10 24  0 16  7 24 26  2  0 18 26  4  5
25  9  1  1 10  0 17 10  0  6 28 22  6 30  0  0  5  8  0 25 13  7 10 28 28 12 10 24 21 21 23 27 13 23 25 26  6 26 30  8 24 16  7 13 30 22  8 19  2 19 20 20 16 29 20 17 17 14 30 27 13 28 30  4 21 26 24 14  3  0 17 29 21 13  5 25 16 25  6 28 12 26 22  8 11 25  7 17 28 21 24  9 25 13 24 14 15  3 15 12
23 17 10  4  3  4  5 13 22 13 29  4 24 19  0 30 28  6  5 23 29  0  8 28 20  7  7 15 25 16  5 23 13 22  5 21  6  4 30 23 30  3 25 21  8 20 29  4 29  4 23 23 15 17 15 18 12 23 16  0 16 12 30  4 11 19  0 12 16 18 11 25  6 17 28  9 20 22 26 12 10  1  1 26  5 16 16 18 22 10 16 21 13 18  7 20 14 23 23  8
 7 17 11 17 22 23 20 29  3 24 19 21  0  3 30 26 28 29  8 17 10 12  3  0  9 26 28 21  9 16 17  0  6 24 10  8  4  0  4  7 29  6 16 14 28 24 30 21 26 12  7  5 10 24 17 27 10 23 18 11 21  1  8  0 24 15  2 19 15 29 22 19 30 26 28 21 19  6 13  8 18 16  2 11 18 24 26 26 23 11 23 25  2 21 14 22 11  8 14 26
12  8 26 22 25  6  9 21 15 20 29 29 20 18 17  7  4 23 11  2 30  0 29 24 20  4  4 21 16  5 20 24 29  0 14 29 10  6 12 12 28 26  6  3 13 30 20  3 28  8  0 23 15 17  5 10 30 18 19 21  9  2 16  7  7 30  3  6 28  4  6 25  9  5  2 29  1  9  2 11 27  4 10 27  2 27 27 11 10 19 19 24  8 20  7  1  0  5 22 13
26  2  3 14 26 26  1 25 26 18 17  9 14 13  0 14  4  6  9 14  8 19 14 11 11 24  3 28 25 16 19 14 17  4  3 30 21  7 23  2 15  8 16  7 14  9 17  8  7 23 28  6 30 23 17 15 23  7 24 17 22  5  8 30  2  5  8 14 30  1  8 25 23 18 14 10 24 22 25  4  7 14  0 18 15 27 28 28  5  0 22  5 18  1 10 18 30 14  6 26
10 22  8 14 14 30 29 17 14 29 27  1  8 12 13  3 12 21  1 18  9 19  1  3  6 14  3 12 21  0 26 10  2 25  1  4  4 13 20 26  2 30 25 12  0  4  7 30 23  6 15 19  6  9 25  8 13  9 14  6  4 26  0 16 10 23  3 28  5  6  7 29 29  1 24 26  7 18  4 30 24 18 13  6 30  3 22 18  0  8 27  8  1  7 11 16  1 20 12  9
24  4 16 24 18 29 20  0 25 19 10  8 24 15 12 28 14 24 28 11  0  8 16 28 27 10 27 18 27 30 16  7 24  9  2 22  6 13 26 18 27  1 29  7 11  8 21 30  0  8  0  2 21  6  3  0  9 23 16 17 10 17  1 20 11  4  0  0 12  8 27 16 11 14 27 24 28  3 17  7  0  1 22 27  9 27  9  0 28 23 17 21 26 25 13  4 30 22  1  3
 9 14  8 27  7 24 30 16  7 24  9 15 21 24 10 21 14 17 27 10  8 23  3 25  1 15 10 25 23  8 27 20 15  7  0  9 11  4  6 20 22 22  5  9 14  8  2 25  6 27 11 12 13  9 30 21 13 17 19  1 15  0  6 22 13 19 15 12 23 12 18 23  0 26 12 24 16 25  7 10 16 13 26 30 24 30  6 20  7 23 13  8 17  6 24 17  6 30 18 17
18 16 11  2  4 25 23  7 30  6 16 16 10  5 10 10 23 28  3  7 20  3 28 25 30  9 12 16 18 12  6 15 14  2  7  6  1 22 23  6 14  7 12 21 21 17 12 18  6  2 11 29 27 26  6  7 10 15 10 15 16 30 10  3 17 10 25  3 19 25 26 29  6 25 15 20 12  9 16 29 30  7 30 20  1 24 15 22 29  1 25 29 10 30  0 13 26  1 24 14
 4  5  8  1 10  0 20  4 24  4 21 25  8 18 18 30 11 12  6 14 23  8 17 11 17 20  7 26 26 27 18  7  6 28  6  8 17  9 26 11 16 18  6 25 10 15 28 14  2 21  8 23 13 21  4 22 10 24 23 22 20 10  1 22 16 24  9  4  3 10 17  3  8 25 16  0  5 26  1 25  6 25  5  6 18 17 11 15  3 14 16 25  7 28 24 27  2  4 29 28
 8 17 16  3 10  2  5 21  1 29 24 19 11  9 14 19 19 30 22  6 16  3 11  1 14 20 22 26 15 23  6  4 30  7 20 11  4 19 10 29  7 22  8 14 19  0 14 20 14  0 23 27 15  8 25 19  5 27  8 16 16  9 11 13 13  0  7 28  1 12  0 24  5 13  7 18 17  3  2 30 10 11  7  0 10  0 16  6  2 15  4 16 24 16 22 26 15 13 11 14
 3 27 11 10 15  3 27  9 12 16  8  2 10 28 14 10  7 18 28 14 24 27 12  8  5  7 27  6 23 20 21 16 28  8 10 19 24  8 16 29 23 24 13 23  6 21 13 23 15 20 29 10  9  2  5  3 28 17 13 21 20 18  7 16 14 26 21 20  0 22 20 26 21 15 23  5 21  4 13 12 27 29  6 30 12 30 25  1 14 18 23  8  9 16 14 28 28 12  6  5
 0  5  7 24 24 14 17  1 18  0 11 18  1 28 25 29  8 24 25  0 10 18 23  1  3 24 30  4 28 28  4  8 24  4 18 12 11 26  6  5  9 27 14  1  9 11  1  2 19 10 28  1 24 23 25  1  1 27  3 22 24  6  5  2 20  6 19  2  6 20  8 19 29  7 26 13 16  7 22  8  1  9  0 11 19 28  0 23  9 18 16  0 20 25 14 23 20 21 23  2
 3 27  4  7 10 20 16 20 25 17 13 14 20  5 13 13 27  5 30 23  6 18 10  6 20 15 12  0 30  7 24 30 18  5 30 15 16  2  6 13 20 22 29 18 21 20 19 14  6  0  8 20 11 29 18 17 25 27 10  5  6 22 27 25 14  7 15 21 17  4  4  7 12  7  8  9 15  8 18 12 20  5  3 30 13 10  6 21 10  9 21 24 21  2 12 13  9 30 11  4
17  1  2  1 26 10  4  2 20 25 26 10  0 16 28 25 28 26 26  8 30 16 18 20 10 18  0 10 27  5 22  6 16  3 13 14  8  8 23  1  4 12 16 11 17  9 15 18 16 20 23  2  8  1 15  6 18 29 29  3 20 13 30  4  1 28 24 28 12 12 17 28 22 25 10 19 25 30 21  5 16 18 15 30  8 27 20 25 19  2  5 23  9 10 17 12 21  7  9  2
20 17 12 15 25 27  1  8  6 13 11  0 17  9 30  3 29 15 26 24 25  1  0 16 25  4 22 15 17 20 30  5 16 29  0 17 17  5  9  3 26 16  4  9  8 21 15 11  9  6 12 29  0 18  1 23  4  5 27  9 28 20 14 14 12 26 30 29  2 24 10  1  5 28 29  9 24 21 15  5  0 20 18 22  2 28 24 20 17  1 18  5  5 23 29 20 18  9  5 11
22 30  8 25 27 11  4 11 24 19  7  2 13  4 22 13 19  4 25 14  8  9 19 11 20 29 19  0  2 22 10 28 27  6  6  3  1 19 26  6 11 11 25 12 28  5 26 20  4  7 19 24  9  3 28 16 29  6  7 29 30 10 25 14 15 12  0  0  9 18 18  6 21 26 15  5 13 21 12 20  5 14 29  1 17 13 17 19  0  2  9  4  2 24 21 18  8 25 13  4
15 21 15 27 23 28 14 18 23  0  7 25 28  8 18 14  9  4 26 16 16 14 13 15  4  2  3 19  4 24 26 14 18 19 24  1 16  0 16 17  8 26 20 15 26  5 21 17  7 29  4  3 21 19 30 19 26  1 15 19 13  4 18  6 28 20  5 18 25 15 19 15 17 24 22 21  9 16 21  2 23  3 12 18 27 24 14 21 30  2 19  2 29  0 10  5 21 15  6 18
 3 24  5 22 14 10 29 22 17  3  8 19  8  9 23 18 21  1 14  6 12 19 16  6  2  0 26 23  9  6 27  1 16 25 17 13 12 19 12 14 15 22  7 13 14 29 16 15 28 29  1 25 30 17  3 18  9  3  3  4  1 19  5 16 13 10 13  2 16 25 12 18  8 10  1 28 13 28  0 15  8 19  1  6 14  6 15 13 30 28  8 29 16 13 16  1  1 13  4 11
22  9 15  4 16 17 27 29 21 11 20 14  4  4 23 19 21 21 13 24 11  6 23  4 16 14 11  4 27  8  4  9 19 27  7 13 24  8 13  7  0 19 18 23  1 10 20  5 10 25 28 26  4  6 20 20 19  4 21 17 27 27  0 12 21 23 17  6 25 13 20  4  5  5 30 11 11 19  8  5  4 11 24 18  1 21 14  8 20 18  3 15 13 13  7  2 14 13  1  6
13  3 22 12  4 10  2  6 26 13  0 19  4  5 19 22 11 21  0 24 19  7  8 10  1  2 12  3 25  8 11 15 23 20 23  4  7  8  0  5 27 14 30  5  4 22  4  8 15  2 27 16  2  9  7  5 28  8 18 13 28 11 10 27  6 30  7 30 12 14 17 22  0 10  6 29 27 27 13 28  6  1 26 12 15 14 22 25  3 23 20 26  6  2 14 18 15 18 21 30
27 25 28 19  1 18 12 20  6 24 16 15  4 27  7 21 14 25 29 17  7 12 20 23  4 14  8 24  4 10 26 10 19 18 29 26 25 29  3  7 17 28 27 17 14 21 17 27  5 15  7 29  3 27  1 18  2 16  4 22 28 27 21  5  2  9 27 17 25 19 28 27 18 24 26 25  6 23 13 26  4 22 22 13  1 27  1 25  7 27 22 11 11 13 26 15 15 30 14 25
13 20 25 20 15  0 17 22 19 22 11  7  2 11 28 28 28  2  2 16  9 20  8 23 15  9  6  6 17  7 30  9  5 23 12 24  6 18  6 27 17 19  1  1 15  9 22 30 21 14  8 21 10 26  6  4 10 25 29 15 25 28 20  8 12  1  0 14 21 23 28 21 24  9 15 23  6  7 17 17  0 19 25 16  8  3  0 24 20 21 14  9  0  4  8  8  6 25 29  2
 8  9 11 15 15 29 11 21 13  2  1  3 13  8  9  9 16 14 17  3 13 22 23 10 14  1  7 10  1 22  7 29 27  2 13  1  7 14 21 17  1 10 22 29 16  5  8 25 15  2 11  4 19 24  2 14 20  6 21 27 20  5 15  3 19 30 16 15 22 16 27 28 10 24 15 12 23 18 24  4 15 20  7 26  1 15  9 21  7 10  8 14  1 27  8  5 26  7 22 26
27 14  5  3 26  0 13  3 29  3  4 12 10 25  3  0 11  6 23 11  2 22 18 11 16  4 25 26 14  6 10 20  9 21  9 15 29  3 17 21 24 27 25 22 22 25 17 17 14  9  8  9 22  2 11 25  0 14 21 19 24 28 22 14 20 24 25  6 12  9 21 23  2  4 30  3 12 23 28 14 18 12 12 27 24 12  2 18 21  3 30 11 25  1 28 13 22 14 14  2
16 23  2 11 14 15  8 27 18 27  6  3  3  5  7 10 18 25 17  9 27 27  4 15  5 12  9  2 15 14  7  0 12  9 24 20 26 12 14  1 16 25  5 19 29 23 21 12 14 21 17 13 21  3 12  5 11 26  0 25 11 21  5 19  9 22 19 14 14 16  8 30  3 25 22 19  9 16 21 15 14 20 18 18  4 13 25 12 26 18 27 27 18 28  3 25 22 17 25 12
 3 17  8 12 23 19 25 23 20 28 25 17  0  5  8 30 23 12 16 20 17 25  5 17 26  9 30  3 12 21 21  9 12 15  9  4 26  7 27 19 13 16  3  8 17  6 27  2 27  8  7  0 29 28  7 16 10 11 15 29 16  6 10 30 27 17 29 18  7 24 25 13 16 16  5 29 22 12 22 27 17 27  7 19 24  2 10 15 24 16  3  2 16  1  4 23 12  7 27  2
25  2 24  1  4 18 19  2  5 29 16 28 17 22  4  4 11 18 30 17 30  5  5  4 14 29 11 22 18 21  4 22  7 20  0 14  9 16 21  4  6 15 12 19 19 14 16 24  4  8 23 29  3 14 27  8  0 15  7 27  0 22  0 18 10 17  2 14 26  7 27 15 20 25  3  5  0 15  2  6 15 18 14 26 30 29 28  3  8 25  9 21 30 21  3 23 12 30  3 22
22 17  9 19  8 12 11 18 28 29 21 22 19  7  1 27 10 30 26 20 10 19 18 22 20 20 27  5  3 20 25 12 14 30 27  3 16 26  4 17 12 11  3 29 19 19  5 30 12  9 17 11 19 29 28 29 26 13  2  2  2  2  7  7 13  3  9  8 15  7 10  9  4 28 12  8 27  0 12 26 14 22 29 12  0  2 26  0 12 20 21  4 21 16  8 25 15 25  2 12
29  0  7 25 21 15 24 29 29 23  9  5 17  8 17  8 20  4 20  7  2 13 10 23 25 12  8  9 17  3  1 30 21 15 29 16 11 12  0 24 29  6 18 13  3  8  0  0 20  6 25 29 21 28 13  1 23 27  2  1 29 22  6  3 27 19 14  2 23  0 16 17 18 22  2 20 15  6 19  1  6 25 29 19 24  0 24 29 29  4 18  9 10 30 20 21 24 25 27 19
 8 14 23  3 11  9 22 27 12 14  6 16 21  3  7  2 24 29  7  7 24 26 27 13 12 24  4 30 23 11  0  7 18  4  5 22 25 11  6 17  2  0 14 26 24 10  3 11 25 12 16  3 30  4 24  4 17 29  3  8 26 26 15  3 23 16 20 23  7 14 11 26  2  7 25 12 17 12 23 13 13 28  2  7 30  9  5 17 25 23  6 10 17 30 20  2  4 22  0 30
12 18  0 28 19  5 22 19 25 29  3 18  2  7 13  6 25 22  9 17 24  1 10 10 17 20  8 19 22  1  3 30 16 22 28  5 12  6  7 30  5 27 28  8  0  4 16  5 26 13 30  4 12 12 26 28 17  0 13 21 17 23 30  5 28 27 20  3 27 12 29 24 19 30  0  8  5 23 22 22  9  2  1  6 27  1 22 23 28 11  7 25 26 29  9  0 23 18  9 21
25 24 10  6  2 23  9 28 20 28  0 15  6 21 18 11 14 28  4 21 28  5 15 22  1  5  5  7 20 11 21  5 11 25  1 10 22 23  2 19 18 12 19 26 17 17  8  6 20 30 14 16  8 23 23 24 21 11 17  8 18  4 22  3  8 19 18 25 27 18  1 16 11 10 12 28 28 27  4  9 16 11  2 26 23 16  0 26 27  4 25 17 23 27  7 13 16 26 14 26
 7  2 22 20  2 28  5 27 13 21 24 10 17  3 19  0 14 23  6  7 13  6 16  2 22 17  8 14 11  6 26 29 17  7 29  0 23  7 25 15 13 24 26  7 20 18 14 20 19  0  3 17  0 14  0 24  9 18 16 24 30  6  9 16 14  0 19 11  3 18  1  6 16 10 13 12  0 17  7 30 24 15 24 29 15 24 23 12 28 19  8  7 14 17 30 11 28  7 18 20
23 14 27  9  4  6  1  7  9 13 14  0 27  8  4 26 17 27  6 18 10 10  0  2 17 12  7 28 24 23 20 24  0 23 30  0 24 20 26 24 17  1  9  6 15  4  4 20 10 16  6  7 16 15  9  6 24 20  5  2  5  0 26  4 30 11 10 18  0  7  5  8 24 23 28  1  2  6  1 12  5  5 19  4 20  3 24  2  2 21 23 23 24 27 29 23 28 25 24 24
30 27  7  6  3 18 17 29  4 16 23 22 24 17 19 11 18 17 21 25  8 10 19 15 16 22  8  5 28  9 18 28  2 22 22 23  9 26 21 28 18 21  5  9 12 30 26 23 25 30 13  6  6  8 21 22  3  5  8  1 29 28  4 16 21 11 20 10  1 14  7  9 11 29  6 18 18 25 18 16  8 10  4 21 26 22 25 28 30 30 19 13 18 20 17  0  3  2  1  9
 5 28 14 26  6 20  7 28 17 17 17  8 25 22 12 30 11  5 25  9 17  2 21 16  9 13 10 18 14 15 14 18 13 28 15 18  0 11 14 13 13 10 17 23 27  4 19 20 20 25 28 21 19 25 23 28  7 23 28  5 30  3 27 21 28 20 18 19 21 11 21 16  7  8 30 22 29 29  4 27 10 15 13 16  3 22 14  4 27 17 15 30 16 26 25  9 29 11 11 12
18 15 17 11 28 28  2 11 17 27 24  5 15 16  8 13 13  2 24 21 17  9 29 14 16  9 11 13 18 25 16 22 19  8 14 14  2 19 24 30 20 13  3 25 19 27 29 19 19  8 27 10 13 14 27  3 27  4 18 19 29 22 12  6  8 19 18  0 17 12  7  4  3  0 25  2 27 27 11  7  8  0 27 16 24 25 26 13 29 16  4 11 18 21 14 29  4 18 25  1
 2 12 24 19  3  1 12  4 21 28  7 19  1 25  0 16  2 29 18 25 17 27  8  4  8  5  8 12 20 13 25 11 10  0 21 17 15  2  2  6 14 22 18 20 14  3  6 27 20 30  5 21 12 22 14 17  5 25  5 27  3 24 14 22 26 13 10 30 15 16 18  3 15 22 13  8 22  0 13 22  8 22  7 23 28  0  8  2  5 15  9 24 10 17 16 16 22  6  3 26
30 10  2 30 22 23 26 17 27 19 26 20 11 17 23 13  3  6 21 11 23 14 24  1 14  4 13 25 15 27 23  8 27 11  9  6  3 18 11 18  0  7 15  5 24 12 19  8  1  7 13 25 11  2 29 12  1  8 24  4 24 11  6 10  6  1 22  1  0  7  8 15 14 29  7  3 25 18  1 19 26 13 18 10 13 27  3 21 29  3 29 13 26 25 11 25  9 27 11  4
15 14 14 25  3 26  8 25 15  7  4  7 13 29 24 22 16 27 23 10 12 21  5 20  5 28  4 12 21 16 24 20  9 11 29 13 30 17 24  7 28  2 25  2  8  0  6 14  2 16 15 10  5 12  6 19 28 20  5 22 23 22 12 28 30  3  0  5 12 15  1  3 25 22 30  3  3 25 20 11 27 19 20 26 20 27 26 20 11 11 14  6 11 29 16 12 27  3  8  3
12  8 10  4 19  6  8 24  8 23  0  1 20 16 30  6 17 28 18  3 11 27 30  8 19 14 23  3 24  3  9  9 17 16 10 17 24 29  5  7 23 28 19 17 17 29 18  7 25 19 23 22 18  6 10 26 22 19  1 29 22 12 29 23 21  0 28 23 11 16 18 27 27  2  5 14 15 28 27  3 23  1 11 18 16  3 20 23 22 23 22 17  5 23 15 23 19  5 28  4
 3  8  7  9 15 28 18 17 20  2 21 14 22  8 18  7 28 23  9 23 30 16 16  9  1 30 10 22  0 26  8 15 29 21 24 18  6  6 19  0  4 25 11  9 15  0  7 16 30  2  5  9 19  2 18 27 12  2 14 15  0 14  7  1 11 10 10 13 14 16 13  0  0 13  7 13  3  2 28  7 24 17 11 30  8 20 10 19 17  6  3  2  3 23 24  4  2 25 21  0
27 27  3  7 19 27  4 20 28 10 26  6 20 29 16 22 18 30  3  0 11 22 17 22 28  2  5 25  1 24 22 25 29  0 16 16 19 24 18  8  6 13 23  1 13 20 10  3 14 15 20  3 15  7  8 19 10 10  1  2 26  3  4 27  0 18 10 30  9 21 15 29 20 13 30 21  2  8  5 10  7 22 28 18 14  7 15 17 20 19  6 22 22  7 18 20 13  4 25 25
19 20 17  3 14 30 20  5 14  0 24 14 23 22 15  8  9  5  4 27 25 24 25 29 22  2  0 24  9 14 24  9  0 17 18 12  9 23 30 10  2 30 18  4 24  3 16 29 30  4 25  3  3  0 16 23 21 15 24  8 23 13 10 24  2 15 15  7  7 24 10  7 20 11  1 23 18 24 10 24  4 30 23  3  2 16  1 13  3 21 14 24 22  0 18  7 29 26 16  4
28  4  1 29 19 14  6 29  6 12 17 11 17 27 30 24 23 11 17 18 10 22  2  7 17  5 25  6 24 15 17  0 29 10 11 19 23  6 30  3 28 23 27  1  0 26 28 12 21 26 27  8 30  6  6  8 22 15 23 11 29 13 12 17 17 18 17 14  4 12 20 27 10 23  7  7  6  3 25 30 11  2  7 21 30 16 18 27  9 18  1  4 18 30 14 17 15  3 21  2
16 27  8 28 12  9 13 19  0  6  3 21 20 14  0 12  9 13  5 17  4 17  5  5  5 28 16 15 13 11 27  3 24 18 13 10 15 22  6  0 27 21  6  3  0 22  3 30 21 18 24  2 25 23  0 15 18 22 23  1  5 30 28  6 23  6 19  4 13 25  4 15 20  2 14  8  2 11 15 16  4 22 14  6  9 28  3  8 25  3 20  4  4 20  8  9 22 17 23  3
 4  8 12 23 11 23 14  3  8  9  5 16 18  9  6 18 27 13 13 20 30 24  7  8 24  8 26 16 23 22  6  4 28 11  0  8  8 19 20 12 24 19 26  7 24 10 25  5 25 24  5 15  7  2 24  8 16  3 19  9 10 23 12  9 24 12  7  9 17 29 30 10  0 15 29  3 28 10 16 10 24 20 17 29  2 19 30 15 21  6 21 19 28 15 18  0 24  3 30  4
23  3 16 15  4  7 12 14 18 16 29 12 30 23 13  6 18 24  6  2  0  6  7 16 29 27 19 28 10 22 13 24  2 26 24 19 19  7 28  5 18 14 13 22  9 21 22  9 24 13 17 15 14 18  5  1 18  4 17  6 10 23 12 10 13 18  6  3 16 14 15  2 29 26 14 28 16  3 18  7  0  9  5 14 24 14 23 17 22 10 13 28  7 29 10 15 15 23  1  9
29 23  3 21 20 16 28  9  5 19 27  3 16 14  6  4 11 30 13 20 13  9 12  3  0 18  6 10  8 23 27  9  4 14 26  6 18  4  8 21 28 20 10 23  3  7 22 27 11 29 13 28 20 17 11 11  9  5  0 14 29 24  8  7 17 29  9 18 18 21 21 10  7 15  8 10 22 23  3 21 27  4 12  7 29  6  9 12 23  3  6 21  9  3 16 14 27 15 25  8
26 10 25 13 30  1  5  3 24  1 16  9 13  6  4 15  7 26 26  3  9  8 11 14  7  5 27 28 10 12 21  1  4 15 25 19  7 19 23  4 15 20 23 10 18 21  6 22  3  8  0  5 26 16 21 24 30  7  0 28 23  9  1 14 28 22 25 22 13  5 26 20  6 15 15 29 19 22  3  7 22 23 25 27  5  9  1 10 28 30 29 24  5 15  4  5 30 23 14 20
25 29 20 26  3 28  6 15 10 19 18  5 29  3 16 20  8  5 17  8  2  8  3 29 10  8 13  8  9 25 18 30  9 20  3  5 20 11 12 15  3 28  3 16 23 21 29 24 29  7  6 21 19 11 23 26 29  2 24 16  3 12 27  3  4 16  4 17 19 27  6  5 29 14 23 12 11 19  0 14 19  2  7  7  3 17  9 19 24 13  3  7 22  6 26 23 25 29  9 22
25 12 21  5 10 18 19 11 26  6 18 12  8 23  2 12 25 13  5  7 29  3 27  9  8 21 10 10 22  6 30 29 19  5  2  2  7 15 14 25 27  1  2  6  3 17 12 13 19 22 20  1  3 17 23  9  3 23 16 17 11  4 27  4  1 18 26 11 14 27  5 19  1 14 14  3 22 22 27 15 28 28 14  1  1  6 13 26 10  9  6 29 21 11  2  7  6 28 15  2
 6 29  9 18 10 11  5  3  0 20 14 22  9 27 27  0 25 17 23 16 13 28  4 21  5 15 17  9 24  5  5 18 19 27 20  2 15 13 26  3  4  7 10 29  7 23  3 15  9 28  3 29  7 28  3  0 25  6  3 23 26 19  3 18 19 28  0 27  8 13 10  8 18  6  7 19 18 21  2 24 12 20 12 27 20 28 19 11 30  2 20 26  9 17 12 14 21 22 26 15
28 13  9 16  6 11  4 26  8 23 14 22 12 13  5 12 15  4 18 26  8  8 22 30 18  8  7 22 22 23 18  1 24 12 10 14  5 22 26 29 26  2 23 14  8 13 27 26  4 20 10 22  7  9  8 10 23 16 11  8 12 11  5 21 27 20 19 23 19  1  3  0  3  5 20 29 27 30 30  5  9 11 28 18 29 19 15 27 11  1  8  6  4 16 23 10 12 13 26 25
 2 30 22  7  6 23 26 16  8 18 22  3 18  3  6 23 15  1 22 29 11 26 20 29 29 16 22 23 11  1  2 29  7  3  4 29  2 29 29  5 12 26 27  1 11 20 13 27 27 11  0 30  9 22 17 24 14 11  5  0  1 13 24 23  9 28  6 18 10 13 20  4 18 30 14  4 21 17 10 30  7 19  6 15 24 13 22 28  3  5 12  3 10 16 12 12  9 25 22 10
 4 16 19 25  8  9 16  7 25 22 12 30  4 12 12  4 14 15 19 21  2 26 29 29 18 27 13 11 21 15 26  9 25 29 23 23 19 22 12 30  1  9  0 16  2 17  1  3 29 19  9 19 10 17 19  4 21 16  1 30 17  4  7  5 20 23 22 11 11 26 26 27 28  4 27  3 26  7 25 29 26 22  8 12 25  6  2 23 23 13 11 29 15 12 15 23  2 12 17 23
 8  6 27 12 25 17 28  4 30 14 24  6 19  4 12 30 26 24  4 30 13  9  6  6 21  0 12  8 15 25  9 29 25 19 18 16 29 24 30 30  3  6 10 21 19 28 29 17 28  2 30 27  8 28 30 16 18  3 10 15  3  0 24 12 19  4 15 13  7 18 28  9  9 29 26 28 20 23 28  1  0 12 13  9 24  6 26  8  1 24 26 10 23 16 15  8 22 20  4 27
 4 13 19 15  3  5 10 12 14 23 26 20 29 17 27  8 26  6  8 17  3  8 30 11 13 26 16 11  6 18  2  0  8 22 11  5 15 12 21  4  9 15 14  0  0 20  9  2 18 14 17 26 10 19 29 28 27  2 10 17 23 23 14 22 22 28 20  9 25 19 25 10 23 20  3  2 16 21 18  5 13 20 22 14 12  6 10 20 12  6  5 20 23 17 29  4 25 22 10  7
 4 21 25 28  1 12 30 20 18  1  2 10 30 23  8  8 16  0 19  5 10  8 22  3 18 19  8 25 10  9 21  7 18 30 18 27 23 14  3 28 19  5 12  6 23  4 28 28 16 29 17  9 30 22 19 28  5 10 12 17 23 18  9  5 29 25  7 24 24 16 18 28  1  1  9  7 28 14 29  6  6 24  2 26 24 28 10 16 19  3 17 23 29 26 28 29 10  4 25 13
20  5 25 15  1  7 16  8  8 18 14 30  0 19 18 25  3  7  0  5 17 20 28  5 27 28 14  4 15 14 15  6 14 15 26  2  0 20 28  2 25 29 28  6 22  0 26 16 14 24 30 11 26 10 11 24 24 10 11 22 19 20 22 18  7  5 17 14  1 20 20  7  0 20 21  9 18 26 30  2 21 10  3  9 28 23 15  9 12 26  5 27  8 18 26 25  3 22 23 25
13  3  1  2  7 27  9 20 20 24 25  6 29 19 11 30 26 17  6  8  7 27 25 23 27  6 10 29 26 21 21  5 13 27 23 19  3 15 25 13 28 17  3  7 11 10  2  8 11 15  5  4 28 18 23 29 19 20  8 13 29 18  9 13 10  5 23 11 30  3  2  2 14  3 13 27 28 25 25  7  6  6 28  7 27  9 19 19  7  4 15  3 15 10 10 23 24 23 13 25
 2 17 27  1 18  7  4 16 28 11 28  7 28 21 16  2 28 28  4 19 22 26 13 17  0 25 22 29  9  4  3  7 27  0 18  2 23 20 20  6 14 18 15  4 14 24 22  9 13 29 10  9  7 14 21 10 30  5 30 26 10  6 26 22 14 22  3 17  9 12 20 11 26 23 13 22  4 30 20  3  5  5  8 29 22 12 13  5 18 17 13  3  3 22 16  9  7 13 10 11
12  6 15  1  1 28 14 12 25 26 13 27 28 22 11  0 17  2  6 25 17 20 12 28 15 26 29 22 25 22  7 13 26 23  1  7 13 25 20 21  1  4 18  2  0  8  6 23  8 13 20 14 11 23 10 20 14 11 15 25 11 13  5 28 11  6 30 20  9 18 17 18 24  7  5 17 28 30 19 30  2 18 24 16 16 28 22 16 15 17 11 28 15  8  1 28  5 21 15 17
21  9  7 12  8  3 26  3 18 30  1 14  7  3  3 23 22 24 23 17 11 29 11 18 13 15  8  4 29 18  7  7 26  9 14  2 15 15 12 28 16 11 27  1  3  2 23  9  5 10  9 15 15 27 25  3 30 17 29 24 11  5 11 14 16 24 26 28  9  6 19 25 25  1 17 15  4  0  0 30 23 18  9  5 10 22  2 16  7 18  1  8 21  3  9 10 23  6 23 25
